name: maxdircut
channels:
  - mosek
  - conda-forge
  - defaults
dependencies:
  - bzip2=1.0.8=h8ffe710_4
  - ca-certificates=2023.08.22=haa95532_0
  - clarabel=0.6.0=py311h2282fe9_1
  - cvxpy=1.4.1=py311h1ea47a8_0
  - cvxpy-base=1.4.1=py311hf63dbb6_0
  - ecos=2.0.11=py311h59ca53f_1
  - intel-openmp=2023.2.0=h57928b3_50496
  - libblas=3.9.0=19_win64_mkl
  - libcblas=3.9.0=19_win64_mkl
  - libexpat=2.5.0=h63175ca_1
  - libffi=3.4.2=h8ffe710_5
  - libhwloc=2.9.3=default_haede6df_1009
  - libiconv=1.17=h8ffe710_0
  - liblapack=3.9.0=19_win64_mkl
  - libosqp=0.6.3=h63175ca_0
  - libqdldl=0.1.5=h63175ca_1
  - libsqlite=3.43.2=hcfcfb64_0
  - libxml2=2.11.5=hc3477c8_1
  - libzlib=1.2.13=hcfcfb64_5
  - mkl=2023.2.0=h6a75c08_50496
  - mosek=10.1.15=py311_0
  - numpy=1.26.0=py311h0b4df5a_0
  - openssl=3.1.3=hcfcfb64_0
  - osqp=0.6.3=py311hf63dbb6_2
  - pip=23.3.1=pyhd8ed1ab_0
  - pthreads-win32=2.9.1=hfa6e2cd_3
  - python=3.11.6=h2628c8c_0_cpython
  - python_abi=3.11=4_cp311
  - qdldl-python=0.1.5.post2=py311hf63dbb6_1
  - scipy=1.11.3=py311h0b4df5a_1
  - scs=3.2.3=py311ha3f1152_0
  - setuptools=68.2.2=pyhd8ed1ab_0
  - tbb=2021.10.0=h91493d7_2
  - tk=8.6.13=hcfcfb64_0
  - tzdata=2023c=h71feb2d_0
  - ucrt=10.0.22621.0=h57928b3_0
  - vc=14.3=h64f974e_17
  - vc14_runtime=14.36.32532=hdcecf7f_17
  - vs2015_runtime=14.36.32532=h05e6639_17
  - wheel=0.41.2=pyhd8ed1ab_0
  - xz=5.2.6=h8d14728_0
